2.232100982666015625e+02
2.894329223632812500e+02
2.571283569335937500e+02
2.052517242431640625e+02
2.357348937988281250e+02
2.585513000488281250e+02
2.438162994384765625e+02
2.817199096679687500e+02
2.357437896728515625e+02
2.454676666259765625e+02
2.662247314453125000e+02
2.030867309570312500e+02
2.286532745361328125e+02
3.212644042968750000e+02
2.558762359619140625e+02
1.976825256347656250e+02
4.825212860107421875e+01
2.683297538757324219e+01
2.554287147521972656e+01
2.647034883499145508e+00
7.380041503906250000e+01
2.197773551940917969e+01
2.872623252868652344e+01
8.654689043760299683e-02
6.841531372070312500e+01
1.488707256317138672e+01
1.226842689514160156e+01
4.607185840606689453e+00
3.913266754150390625e+01
4.708882331848144531e+00
3.380363845825195312e+01
1.845393180847167969e+01
