8.050713500976562500e+02
6.414154052734375000e+02
1.060902862548828125e+02
1.551498107910156250e+02
5.921085815429687500e+02
9.230321655273437500e+02
3.476467895507812500e+02
4.608769836425781250e+02
6.852840576171875000e+02
5.658018188476562500e+02
8.084465332031250000e+02
9.635385131835937500e+02
5.528605957031250000e+02
8.955356445312500000e+02
6.470808715820312500e+02
9.464431762695312500e+02
6.649791717529296875e+01
2.206832313537597656e+01
6.098802667111158371e+00
9.713002294301986694e+00
1.701222229003906250e+01
4.989213943481445312e+01
1.732377815246582031e+01
2.332107925415039062e+01
4.347922897338867188e+01
2.459004020690917969e+01
3.318974685668945312e+01
8.524842071533203125e+01
2.407267189025878906e+01
4.446128463745117188e+01
1.540647697448730469e+01
5.991736602783203125e+01