6.148571014404296875e+01
7.641517639160156250e+01
1.195121688842773438e+02
9.735784149169921875e+01
4.596694564819335938e+01
4.840183639526367188e+01
5.200795364379882812e+01
1.039171752929687500e+02
5.327655029296875000e+01
5.924086761474609375e+01
8.723471832275390625e+01
1.274386215209960938e+02
5.203952407836914062e+01
4.681453704833984375e+01
2.497787475585937500e+01
1.252772674560546875e+02
6.365019798278808594e+00
4.090366959571838379e-01
6.366940975189208984e+00
3.155340552330017090e-01
3.919999122619628906e+00
2.619219571352005005e-01
1.785488605499267578e+00
9.823237419128417969e+00
1.392576694488525391e+00
1.962104588747024536e-01
1.481271386146545410e+00
6.834920048713684082e-01
1.395569205284118652e+00
4.114541783928871155e-01
9.999999747378751636e-02
5.451356410980224609e+00